1.201187603856801234e+00 -5.593270704737932641e-01
1.219457544344096478e+00 -6.008147466652173918e-01
1.238330305333396275e+00 -6.411276992746731684e-01
1.257567458460032261e+00 -6.800940458006058398e-01
1.276954656250702147e+00 -7.175676343487237263e-01
1.296291667915631329e+00 -7.534087562920488423e-01
1.315400681312472786e+00 -7.875250780523598282e-01
1.334130731858614194e+00 -8.198843889611809876e-01
1.352355579639829664e+00 -8.504928741581228024e-01
1.369963240359556300e+00 -8.794057012976723708e-01
1.386873534710078903e+00 -9.067035571084806067e-01
1.403042472602038515e+00 -9.324945702835003569e-01
1.418459241093574130e+00 -9.568972929263053206e-01
1.433147373388646839e+00 -9.800275589364453310e-01
1.447162582478145554e+00 -1.001992536278218715e+00
1.460584852326148209e+00 -1.022873395607399205e+00
1.473508854113213085e+00 -1.042709241884966165e+00
1.486042323650507591e+00 -1.061490438968342831e+00
1.498282947199117920e+00 -1.079169044051804027e+00
1.510341179622288532e+00 -1.095651326911693424e+00
1.522297221618730489e+00 -1.110814509197181499e+00
1.534188054591433259e+00 -1.124511710008798904e+00
1.546059582734433890e+00 -1.136525925812919446e+00
1.557910356362038229e+00 -1.146693867745476103e+00
1.569782420068779771e+00 -1.154828357477852396e+00
1.581682518137032423e+00 -1.160783079114012128e+00
1.593662007619061738e+00 -1.164396557078348327e+00
1.605800846654712677e+00 -1.165523310184313210e+00
1.618203648085558388e+00 -1.164015820706388427e+00
1.630998603361414334e+00 -1.159724242383946669e+00
1.644332899669375569e+00 -1.152505867119235639e+00
1.658326727346072671e+00 -1.142253498220271224e+00
1.673129410562909314e+00 -1.128877483670035486e+00
1.688896679852306848e+00 -1.112385026151560874e+00
1.705867096456907595e+00 -1.092882006118062410e+00
1.724327881108839389e+00 -1.070416438868091680e+00
1.744818268860158117e+00 -1.044956176466141029e+00
1.768129747453353051e+00 -1.016238544117398002e+00
1.795034628570839619e+00 -9.837024659960179607e-01
1.826815697277171635e+00 -9.462080677270633400e-01
1.864476198785822492e+00 -9.021961821280664040e-01
1.909019085636049828e+00 -8.494184152562367363e-01
1.960890902052523810e+00 -7.850745811427124465e-01
2.019211632561277447e+00 -7.055279705301824578e-01
2.081518991578393152e+00 -6.054499595698736858e-01
2.144396317035906385e+00 -4.783292037189513790e-01
2.205792610586485125e+00 -3.207122739509559173e-01
2.258518916630800621e+00 -1.461365930200332897e-01
2.280230035596074067e+00 2.612682403850977511e-02
2.259600587659824633e+00 1.926817610916932155e-01
2.211668305736991691e+00 3.494825709889367027e-01
2.154770462080183968e+00 4.830686141535422418e-01
2.094685986205933492e+00 5.877427794187800592e-01
2.033042744978194261e+00 6.668765089798859291e-01
1.971595987282880547e+00 7.264162280029649033e-01
1.911849943735922652e+00 7.702408754706752125e-01
1.854783327284479144e+00 8.014041144963912622e-01
1.800283752962340111e+00 8.216741860679822596e-01
1.748747696386479866e+00 8.327848495110140581e-01
1.699296810452845863e+00 8.361045046567914252e-01
1.652457070590907628e+00 8.327736596723920304e-01
1.608237770715859494e+00 8.239397899307793205e-01
1.566152440600001583e+00 8.102911551564381254e-01
1.526164831116793241e+00 7.926279729356368042e-01
1.488073368140732100e+00 7.714931223223373546e-01
1.451812463582901280e+00 7.473166069373203824e-01
1.417348988899466811e+00 7.204288696718493812e-01
1.384592670492277522e+00 6.911021710010506469e-01
1.353525955179534002e+00 6.595831927667169525e-01
1.324160698257712099e+00 6.260665234038909066e-01
1.296475039020714037e+00 5.907385800136460974e-01
1.270515386457132578e+00 5.537529001237929682e-01
1.246258610774267916e+00 5.153088327225952003e-01
1.223735090258469826e+00 4.754720144476952681e-01
1.203011974380936433e+00 4.344217347774544380e-01
1.184144194606793210e+00 3.923090886332481486e-01
1.167070543570098318e+00 3.492369309071339245e-01
1.151817770377538963e+00 3.052436177099912551e-01
1.138385225001061984e+00 2.604714641830595534e-01
1.126773990734007302e+00 2.150068362525723864e-01
1.116928227088841874e+00 1.689662703402112498e-01
1.108874437051523110e+00 1.225416481822140247e-01
1.102601497979665668e+00 7.576565085460877647e-02
1.098142944730474468e+00 2.895809550696398435e-02
1.095403009198373745e+00 -1.793122831311733806e-02
1.094514130086529757e+00 -6.481571803025285017e-02
1.095526637745368292e+00 -1.115620837792466735e-01
1.098394936088112894e+00 -1.580498303528866666e-01
1.103005339061398304e+00 -2.042474125292065013e-01
1.109480023844118923e+00 -2.502604750129142630e-01
1.117743823528323910e+00 -2.958649759789090394e-01
1.127797084088463242e+00 -3.411264028694837580e-01
1.139546414524043483e+00 -3.859559181698611896e-01
1.152930270459769702e+00 -4.303104255012147883e-01
1.167792762455852618e+00 -4.741178336393115367e-01
1.184006878952772235e+00 -5.172631142456056708e-01
